ID,Demographics.Total,Year,Salaries.Mean,Education.Major,Demographics.Ethnicity.Asians,Demographics.Ethnicity.Minorities,Demographics.Ethnicity.Whites,Demographics.Gender.Females,Demographics.Gender.Males
49,507228,1995,60697.6,Chemistry,49393,36562,421046,140363,366865
50,345038,1995,51758.63,Civil Engineering,39586,18806,286397,24979,320059
51,1114519,1995,49672.61,Computer Science and Math,87310,103423,923026,401758,712760
52,658039,1995,50778.48,Economics,46146,42052,569841,157069,500970
53,675226,1995,58165.47,Electrical Engineering,88354,42981,543890,36905,638321
55,524019,1995,54028.15,Mechanical Engineering,50780,23561,449528,26645,497374
56,708304,1995,51350.77,Other Engineering,53943,39247,614371,67765,640539
58,1404991,1995,42852.08,Psychology,39939,146971,1217769,860723,544268
96,518969,1997,64147.67,Chemistry,51184,38819,428888,148662,370308
97,357852,1997,57421.79,Civil Engineering,40608,20776,296196,29742,328111
98,1168978,1997,56385.76,Computer Science and Math,95989,111345,961216,417769,751208
99,666572,1997,58014.4,Economics,49318,46392,570858,165226,501346
100,697305,1997,65676.69,Electrical Engineering,96694,46770,553835,41209,656096
102,536975,1997,60509.01,Mechanical Engineering,55663,26209,454944,29425,507550
103,712057,1997,58238.1,Other Engineering,57603,41390,612748,75168,636889
105,1520163,1997,45771.76,Psychology,43942,168443,1307391,945604,574559
143,526026,1999,69462.82,Chemistry,53287,42918,429716,156633,369393
144,367204,1999,61504.28,Civil Engineering,43556,23064,300202,33814,333391
145,1221788,1999,62377.24,Computer Science and Math,101897,121467,997899,437131,784657
146,683013,1999,63571.99,Economics,52042,46109,584850,177212,505801
147,711621,1999,73559.91,Electrical Engineering,104295,50996,556329,43279,668341
149,545333,1999,65903.64,Mechanical Engineering,59726,28947,456487,31921,513412
150,719703,1999,63298.52,Other Engineering,63039,44686,611594,83521,636182
152,1619802,1999,48769.15,Psychology,47656,184812,1386903,1031096,588707
190,21775,2001,34287.07,Chemistry,3555,3070,15150,9196,12579
191,21877,2001,43904.76,Civil Engineering,3654,2784,15439,5600,16276
192,99579,2001,46328.3,Computer Science and Math,17085,16637,65857,32410,67169
193,41846,2001,38941.96,Economics,8421,4139,29286,14997,26849
194,37200,2001,55292.73,Electrical Engineering,11992,5563,19646,5446,31755
196,35086,2001,50408.42,Mechanical Engineering,5499,4402,25185,5120,29966
197,42412,2001,46333.33,Other Engineering,9502,5575,27335,10075,32337
199,173766,2001,27500.55,Psychology,11080,31325,131360,134048,39718
244,603239,2003,74872.95,Chemistry,88878,63911,450451,192358,410881
245,420742,2003,74806.96,Civil Engineering,54575,53857,312310,47822,372919
246,1379971,2003,74335.41,Computer Science and Math,169137,164110,1046724,493920,886051
249,752503,2003,76329.57,Economics,101496,65258,585748,218079,534424
250,828727,2003,83006.83,Electrical Engineering,164480,90659,573587,76088,752638
261,702873,2003,78260.78,Mechanical Engineering,96678,46136,560059,52113,650760
268,893274,2003,77825.49,Other Engineering,114023,97875,681377,115201,778073
275,1846866,2003,55759.49,Psychology,67018,290544,1489303,1235835,611031
284,37027,2006,32291.44,Chemistry,7795,6311,22921,19249,17778
285,32009,2006,48523.4,Civil Engineering,5123,4637,22248,7069,24940
286,237830,2006,41451.5,Computer Science and Math,73839,40507,123484,68313,169518
287,85983,2006,42750.66,Economics,22290,13581,50111,32957,53025
288,96087,2006,52363.55,Electrical Engineering,45212,14596,36279,17579,78508
289,59552,2006,51757.74,Mechanical Engineering,16273,7166,36113,7435,52117
290,60225,2006,48324.37,Other Engineering,14990,8459,36777,18877,41349
293,289435,2006,30293.59,Psychology,18054,62176,209204,222071,67364
331,27747,2008,38026.67,Chemistry,4917,5641,17188,13935,13812
332,23359,2008,54218.62,Civil Engineering,4167,3802,15389,5508,17851
333,144782,2008,50557.21,Computer Science and Math,32456,25103,87223,38024,106758
334,54062,2008,46212.6,Economics,14804,9992,29266,20194,33867
335,45165,2008,63211.92,Electrical Engineering,20411,8431,16323,7284,37881
336,40684,2008,59800.29,Mechanical Engineering,9395,6334,24956,4394,36290
337,59642,2008,56177.8,Other Engineering,16721,10202,32719,15796,43847
340,224705,2008,34204.29,Psychology,16072,51444,157189,170850,53855
385,651897,2010,74352.53,Chemistry,114027,74201,463669,232072,419825
386,492161,2010,82362.83,Civil Engineering,70091,63533,358537,78843,413318
387,1981187,2010,78681.35,Computer Science and Math,378088,247279,1355819,641258,1339929
390,1100771,2010,81043.54,Economics,165934,135695,799143,315344,785427
391,982128,2010,94555.87,Electrical Engineering,291717,112539,577871,124749,857378
402,841291,2010,87502.12,Mechanical Engineering,153792,87688,599811,76375,764916
409,1118625,2010,85724.64,Other Engineering,163937,181540,773149,186315,932311
416,2734299,2010,57583.93,Psychology,107738,497655,2128906,1860747,873553
432,660845,2013,80006.68,Chemistry,110468,71518,478860,244903,415943
433,538158,2013,83084.99,Civil Engineering,81636,65733,390789,91615,446542
434,2242124,2013,82696.72,Computer Science and Math,389093,308667,1544364,774801,1467323
437,1280482,2013,99932.09,Economics,165604,157633,957245,392034,888448
438,1003084,2013,101808.12,Electrical Engineering,292670,124765,585649,135620,867464
449,837279,2013,93726.13,Mechanical Engineering,146696,90124,600459,75242,762037
456,1205041,2013,88803.11,Other Engineering,185347,191711,827983,225802,979240
463,3063565,2013,58984.01,Psychology,140496,597622,2325447,2088486,975080
479,727024,2015,86034.51,Chemistry,130992,87002,509029,297806,429218
480,586588,2015,90136.51,Civil Engineering,99999,79812,406777,97868,488720
481,2489621,2015,89471.56,Computer Science and Math,469649,367230,1652742,827259,1662362
484,1302458,2015,109940.97,Economics,166195,195133,941130,403424,899034
485,1154661,2015,109173.61,Electrical Engineering,375520,155870,623271,149404,1005257
496,950566,2015,98533.83,Mechanical Engineering,184209,117901,648456,96727,853839
503,1306845,2015,96287.14,Other Engineering,235954,228427,842463,266635,1040210
510,3355678,2015,63618.92,Psychology,183140,674394,2498144,2356928,998750
